image_width: 640
image_height: 480
camera_name: narrow_stereo
camera_matrix:
  rows: 3
  cols: 3
  data: [843.30586,   0.     , 340.14421,
           0.     , 845.38201, 251.59618,
           0.     ,   0.     ,   1.     ]
distortion_model: plumb_bob
distortion_coefficients:
  rows: 1
  cols: 5
  data: [0.104122, -0.149792, 0.006932, 0.009512, 0.000000]
rectification_matrix:
  rows: 3
  cols: 3
  data: [1., 0., 0.,
         0., 1., 0.,
         0., 0., 1.]
projection_matrix:
  rows: 3
  cols: 4
  data: [857.82054,   0.     , 343.72719,   0.     ,
           0.     , 862.76663, 253.53672,   0.     ,
           0.     ,   0.     ,   1.     ,   0.     ]
